Welcome to janreggie/aoc-rs
130 129 128 127 126 125 124 123 122 121 120 119 118 117 116 115 114 113 112 111 110 109 108 107 106 105 104 103 102 101 100 099 098 097 096 095 094 093 092 091 090 089 088 087 086 085 084 083 082 081 080 079 078 077 076 075 074 073 072 071 070 069 068 067 066 065 066 067 068 069 070 071 072 073 074 075 076 077 078 079 080 081 082 083 084 085 086 087 088 089 090 091 092 093 094 095 096 097 098 099 100 101 102 103 104 105 106 107 108 109 110 111 112 113 114 115 116 117 118 119 120 121 122 123 124 125 126 127 128 129 130 
129 ### ### 126 125 124 123 122 ### 120 119 118 117 116 115 114 113 ### 111 110 109 108 107 106 105 104 ### 102 101 100 099 098 097 096 095 094 093 092 ### 090 089 088 087 086 085 ### 083 082 081 082 ### ### 077 076 075 074 073 ### ### 070 069 068 067 066 065 064 065 066 067 068 069 070 071 072 073 074 075 076 077 ### 079 080 081 ### 083 084 085 086 087 088 089 ### 091 092 093 094 095 096 097 098 099 100 101 102 103 104 105 106 107 108 109 110 111 ### 113 114 115 116 117 118 ### 120 ### 122 123 124 125 126 127 128 129 
128 127 126 125 124 123 122 121 120 119 118 117 116 115 114 113 112 111 110 109 108 107 106 105 104 103 102 ### 100 099 098 097 096 095 096 ### 092 091 090 ### 090 ### 086 085 084 ### 082 081 080 081 ### 077 076 075 074 073 072 071 070 069 068 067 066 065 064 063 064 065 066 067 068 069 070 071 072 073 074 075 ### 077 078 079 080 081 082 083 084 085 086 087 088 089 090 091 092 ### ### 095 096 097 098 099 100 101 ### 103 104 105 106 107 108 109 110 111 112 113 114 115 116 117 118 119 120 121 122 ### 124 ### 128 129 128 
127 126 125 124 123 122 121 120 119 118 117 116 115 114 ### 112 111 110 109 108 107 106 105 104 103 102 101 100 099 ### ### 096 095 094 ### 092 091 090 089 088 ### 086 ### 084 083 082 ### 080 079 ### 077 076 075 074 073 072 071 ### 069 068 067 066 065 064 063 062 063 064 065 066 067 068 069 070 071 072 073 074 075 076 077 078 079 080 081 082 083 084 085 086 087 088 089 ### 091 092 ### 094 095 096 097 098 099 ### 101 102 103 104 105 106 107 ### 109 110 111 112 ### 116 115 116 117 118 119 120 121 122 123 124 ### ### 127 
126 125 124 123 122 121 120 119 118 117 ### ### 114 113 114 ### 110 109 ### 107 106 105 104 103 102 ### 100 099 098 ### 096 ### 094 093 092 091 090 089 088 087 086 085 084 083 082 081 080 079 078 077 076 075 074 073 072 071 070 069 068 067 066 065 064 063 062 061 062 063 064 065 066 067 068 069 ### 071 072 073 074 075 076 077 078 079 080 081 082 083 084 085 086 087 088 089 090 ### 092 093 094 095 096 097 098 099 100 101 102 103 104 105 106 107 108 109 110 111 112 ### 114 115 116 117 118 ### 120 121 122 123 124 125 126 
125 124 ### 122 121 120 119 118 117 116 115 114 113 112 113 ### ### 108 107 106 105 104 103 102 101 100 099 098 097 096 095 094 093 092 091 090 089 088 ### ### 085 084 083 082 081 080 079 078 077 ### 075 074 073 072 071 070 069 068 067 066 065 064 063 062 061 060 061 062 063 064 065 066 067 068 069 070 071 072 073 074 ### 076 077 078 079 080 081 082 083 084 085 086 087 088 ### ### 091 092 093 094 095 096 097 098 099 ### ### 102 103 104 105 106 107 108 109 110 111 112 113 114 115 116 117 118 119 ### 121 122 123 124 125 
124 123 122 121 120 119 118 117 116 115 114 113 112 111 ### 109 ### 107 106 105 104 103 102 101 100 099 098 097 096 095 094 093 092 091 090 089 088 087 086 085 084 083 082 081 080 079 078 ### 076 075 074 073 072 071 070 069 068 067 066 065 064 063 062 061 060 059 060 061 062 063 064 065 066 067 068 069 070 071 072 ### 074 075 076 077 ### 079 080 081 ### 085 084 ### 086 087 088 089 090 091 092 093 094 095 096 097 098 099 100 101 102 103 104 105 106 107 108 ### 110 111 112 ### ### 115 116 117 118 119 120 121 122 123 124 
123 122 121 120 119 118 117 116 115 114 113 112 111 110 109 108 107 106 105 104 103 ### 101 100 101 ### 097 098 097 096 ### 092 091 090 089 088 087 088 ### 084 083 082 081 080 079 078 077 076 075 074 073 072 ### 072 ### 068 067 066 065 064 063 062 061 060 059 058 ### ### 061 062 063 064 065 066 067 068 069 070 071 072 073 074 075 076 077 078 079 ### 081 ### 083 084 085 086 087 088 089 090 091 092 093 ### ### 096 097 098 099 100 101 ### 105 ### 105 106 107 108 109 110 ### 112 113 114 115 116 ### 118 ### 120 121 122 123 
122 121 120 119 118 ### 116 115 114 113 112 111 110 ### 108 107 106 105 104 103 102 101 100 099 ### 097 096 097 ### ### 092 ### 090 089 088 087 086 ### 084 083 082 081 080 079 078 ### 076 ### 074 073 072 071 070 ### 068 067 066 065 064 063 062 061 060 059 058 057 058 059 060 061 062 063 064 065 066 067 068 ### 070 071 072 073 ### 075 076 ### 078 079 080 081 082 083 084 085 086 087 088 089 090 091 092 093 094 095 096 097 ### 099 ### 101 ### 103 104 105 106 ### 108 109 110 111 112 113 114 ### 116 117 118 119 120 121 122 
121 120 ### 118 117 116 115 114 113 112 111 110 109 108 107 ### 107 ### 103 102 101 100 099 098 097 096 095 096 ### 092 091 090 089 088 ### 086 085 084 083 082 ### 080 079 078 077 076 075 074 ### 072 071 070 069 068 067 066 065 064 063 062 061 060 059 058 057 056 057 058 059 060 061 062 063 064 065 066 067 068 069 070 071 072 073 074 075 076 077 078 079 080 081 082 083 084 085 ### 087 088 089 090 091 092 093 094 095 096 097 098 099 100 101 102 103 ### 105 106 107 108 109 110 111 112 113 114 115 116 117 118 119 120 121 
120 119 118 117 116 115 ### 113 112 111 110 109 108 107 106 ### ### 103 102 101 100 099 098 097 096 095 094 ### 092 091 090 089 088 087 086 085 ### 083 082 081 080 079 078 077 076 075 074 073 072 ### ### 069 068 067 066 065 064 063 062 061 060 059 058 057 056 055 056 057 058 059 060 061 062 063 064 065 066 067 068 069 070 071 072 073 074 075 076 077 078 079 080 081 082 083 084 085 086 087 088 089 090 091 092 093 094 ### 098 097 098 099 100 101 102 103 104 ### 106 107 108 109 110 111 112 113 114 115 116 117 118 119 120 
119 118 117 116 115 114 ### 112 111 110 ### 108 107 106 105 104 ### 102 101 100 099 ### ### 096 095 094 093 092 091 090 089 088 087 086 085 084 083 082 081 080 ### 078 077 076 075 074 073 072 071 070 069 068 067 066 065 064 063 062 061 060 059 058 057 056 ### 054 055 ### 057 058 059 060 061 062 063 064 065 066 067 068 069 070 071 072 073 074 075 076 077 078 079 080 081 082 083 084 085 086 ### 088 089 090 091 092 093 094 ### 096 097 098 099 100 101 102 103 104 105 106 107 108 109 ### 111 112 113 114 115 ### 117 118 119 
118 117 116 115 114 113 112 ### 110 109 ### 107 106 105 104 103 102 101 ### 099 098 097 096 095 094 093 092 091 090 ### 088 087 086 085 084 083 082 081 080 079 078 077 076 075 074 073 072 071 070 069 068 067 066 065 064 063 062 061 060 ### 058 ### ### 055 054 053 054 055 056 057 058 059 060 061 062 063 064 065 066 067 068 069 070 071 072 073 074 075 076 077 078 079 080 081 082 083 084 085 086 087 088 089 090 091 ### 093 094 095 ### 097 098 099 100 101 102 103 104 105 ### 107 108 109 110 111 112 113 114 115 116 117 118 
117 116 115 114 113 112 111 110 109 108 107 106 105 104 103 102 101 100 099 098 ### 096 095 094 093 092 091 090 089 088 087 086 085 084 ### 082 ### 080 079 078 077 076 075 074 073 072 071 070 069 068 067 066 065 064 063 062 061 060 059 058 057 056 055 054 053 052 053 ### 055 056 057 058 059 060 ### 064 063 064 065 066 067 068 069 070 071 072 ### ### 075 076 077 ### ### 080 081 082 083 084 085 086 087 088 089 090 091 092 093 ### 095 096 ### 098 099 100 101 102 ### 104 105 106 107 108 109 110 111 112 113 114 115 116 117 
116 115 114 113 112 111 110 109 ### 107 106 105 104 103 102 101 100 099 ### 097 096 095 094 093 092 091 090 089 088 087 086 085 084 083 082 081 080 079 ### 077 076 075 074 073 072 071 070 069 068 067 066 065 064 063 062 ### ### 059 058 ### 056 055 054 ### 052 051 052 ### 054 055 056 057 058 059 060 ### 062 063 064 065 066 067 068 069 070 071 072 073 074 075 076 077 078 079 080 081 082 ### 086 085 086 ### 090 089 090 091 092 093 094 095 ### 097 ### 099 100 101 102 103 104 105 ### 107 108 109 110 111 112 113 114 115 116 
115 114 113 112 111 110 109 108 107 106 105 104 103 102 101 100 099 098 097 096 095 094 093 ### 091 090 ### 088 087 086 085 084 ### ### 081 080 079 078 077 076 075 074 073 072 071 070 069 068 067 066 065 064 063 062 061 060 059 058 057 056 055 ### 053 ### 051 050 051 052 053 054 055 056 057 058 059 060 061 062 063 064 065 066 067 068 069 ### 071 072 073 074 075 076 077 078 079 080 081 082 ### 084 ### 090 089 088 089 090 091 092 093 094 095 096 097 098 ### 100 ### 104 103 104 ### 106 107 108 109 110 111 112 113 114 115 
114 113 ### 111 110 109 108 ### 106 105 104 105 ### 101 100 099 098 097 096 095 094 093 092 091 090 089 088 087 ### 085 084 083 082 081 080 079 078 ### 076 075 074 073 072 071 070 069 068 067 066 065 064 063 062 061 060 059 058 057 056 055 054 053 052 ### 050 049 050 051 052 053 ### 055 056 057 058 059 060 061 062 063 064 065 066 067 068 069 070 071 072 073 074 075 076 077 078 079 080 081 ### 083 ### ### 088 087 ### 089 ### ### ### 093 094 ### 096 097 098 099 ### ### 102 103 104 105 106 107 108 ### 110 111 112 113 114 
113 112 111 110 109 108 107 106 105 104 103 ### 101 100 ### ### 097 096 095 094 093 092 091 090 089 088 087 086 087 086 ### 082 081 080 ### ### 077 076 075 074 073 072 071 070 069 068 067 066 065 064 063 062 061 060 059 058 057 056 055 054 053 052 051 050 ### 048 049 ### 051 052 053 054 055 056 057 058 059 060 061 062 063 064 065 066 067 068 069 070 071 ### 075 076 075 076 077 078 079 080 081 082 083 084 ### 086 087 088 089 090 091 092 093 094 095 096 097 098 099 100 101 102 103 104 105 106 107 108 109 110 111 112 113 
112 111 110 ### ### 107 106 105 104 103 102 101 ### 099 098 097 096 095 094 093 092 ### 090 ### 088 087 086 085 086 ### 082 081 080 079 078 077 076 075 074 ### 072 ### 070 069 068 067 066 065 064 063 062 ### 060 059 058 057 056 055 054 053 052 051 050 049 048 047 ### ### 050 051 052 053 054 055 056 057 058 059 060 061 062 063 064 065 066 067 068 069 ### 071 ### ### 074 075 076 077 078 ### 080 081 082 083 084 085 086 087 088 089 090 091 ### 093 094 095 096 097 098 099 100 101 102 103 104 105 106 107 108 109 ### 111 112 
111 110 109 ### 107 106 105 104 103 104 ### 100 099 098 099 ### 095 094 093 092 091 090 089 088 087 086 085 084 ### 082 081 080 079 078 077 076 075 074 073 072 071 ### 069 068 067 066 065 064 063 062 061 060 059 058 057 056 055 ### 053 ### 051 050 049 048 047 046 ### 048 049 050 051 052 053 054 055 056 057 058 059 060 ### 064 063 064 065 066 067 068 069 070 071 072 073 074 ### 076 077 078 079 080 081 082 083 ### 085 ### 087 ### ### 092 091 092 093 094 095 096 097 098 ### 100 101 102 103 ### 105 106 107 108 ### 110 111 
110 ### 108 107 106 ### ### ### 102 ### 100 099 098 097 ### 095 094 093 092 091 090 089 088 087 086 085 084 083 082 081 080 079 078 ### 076 075 074 ### 072 071 070 069 068 067 066 065 064 063 062 061 060 059 058 057 056 ### 054 053 052 051 050 049 ### 047 046 045 046 047 048 049 050 ### 054 053 054 ### 056 057 058 059 060 ### 062 063 064 065 066 067 068 ### 070 071 072 073 074 075 076 077 078 079 080 081 082 083 084 085 086 087 088 ### 090 091 092 093 094 095 096 097 098 099 ### ### 102 103 104 105 106 107 108 109 110 
109 108 107 ### 105 104 103 102 101 100 099 098 097 096 ### 094 093 092 091 090 089 088 087 ### 085 084 083 082 081 080 079 ### 077 076 075 074 073 072 071 070 069 068 067 066 065 064 063 062 061 ### 059 058 057 056 055 054 ### 052 051 050 049 048 047 046 045 044 045 046 047 048 049 050 ### 052 053 054 055 056 057 058 059 060 061 062 063 064 065 066 067 068 069 070 ### 074 073 074 075 076 077 078 079 080 081 082 083 084 085 086 087 088 089 ### 091 092 093 ### 095 096 097 098 ### 100 101 102 103 104 105 106 107 108 109 
108 107 106 105 104 103 102 101 100 099 098 ### 096 095 094 093 ### 091 090 089 088 087 086 085 084 083 082 081 080 079 078 077 076 075 074 ### 072 071 072 ### 068 067 066 065 064 063 062 ### 060 059 058 057 056 055 054 053 052 051 ### 049 048 047 046 ### 044 043 044 045 046 047 ### 049 050 051 052 053 054 ### 056 057 058 ### 060 061 062 063 064 065 066 067 068 069 070 ### 072 073 074 075 076 077 078 079 080 081 082 083 084 085 086 087 088 089 090 091 092 093 094 095 096 097 ### 099 100 ### 102 103 104 105 106 107 108 
107 106 105 104 ### ### ### 100 099 098 097 096 095 094 093 092 091 090 089 088 087 088 ### 084 083 082 081 080 079 ### 077 076 075 074 073 072 071 070 ### 068 067 066 065 064 063 062 061 060 059 058 057 056 055 054 ### 052 051 050 ### ### 047 046 045 ### 043 042 043 044 045 046 047 048 049 050 051 052 053 054 055 ### ### 060 059 060 061 062 063 064 065 066 067 068 069 070 071 ### 073 074 075 076 ### 078 079 080 081 082 083 084 085 086 087 ### 091 090 ### 092 093 094 095 ### 097 098 099 100 101 102 103 104 105 106 107 
106 105 104 103 102 101 100 099 098 097 096 095 094 ### ### 091 090 089 088 087 086 ### 084 ### 082 081 080 079 078 077 076 075 074 073 072 071 ### 069 068 067 066 065 064 063 062 ### 060 059 058 057 056 055 054 053 052 051 050 049 048 047 046 045 044 043 042 041 ### 043 ### 045 046 047 048 049 050 051 052 053 ### 061 060 059 058 059 060 061 062 063 064 065 066 067 068 ### 070 071 072 073 074 075 076 077 078 079 080 081 082 083 084 085 ### 087 ### 089 090 091 092 093 094 095 096 097 098 099 100 101 102 ### 104 105 106 
105 ### ### ### 101 100 099 098 ### 096 095 094 093 092 091 090 089 088 087 086 085 084 083 082 ### 080 079 078 077 076 075 074 073 072 ### 070 ### 068 067 066 065 064 063 062 061 060 059 058 057 056 055 054 053 052 051 050 049 048 047 046 045 044 043 042 041 040 041 042 ### 044 045 046 ### 048 049 050 051 052 053 ### ### ### 057 058 059 060 061 062 063 064 065 066 067 068 069 070 071 072 073 074 075 076 ### 080 ### ### 081 082 083 084 085 086 087 088 089 ### 091 092 093 094 095 096 097 098 099 100 101 102 103 104 105 
104 103 102 101 100 099 ### 097 096 095 094 093 092 091 090 089 088 087 086 085 084 ### 082 081 080 079 078 077 076 075 074 ### 072 071 070 069 068 067 066 065 064 063 062 061 062 ### 058 057 ### 055 054 ### 052 051 050 049 048 047 048 ### ### ### ### 041 040 039 040 041 042 043 044 045 046 047 048 049 050 051 052 053 054 055 056 057 058 059 060 061 062 063 064 065 066 067 068 069 070 071 072 073 ### 077 076 ### 078 079 080 081 082 083 084 085 086 087 088 089 090 091 092 093 094 095 096 097 098 099 100 101 102 103 104 
103 102 101 100 ### 098 099 098 ### 094 093 092 091 090 089 088 087 ### 085 084 083 082 081 080 079 078 077 076 075 074 073 072 071 070 069 068 067 066 065 064 063 062 061 060 ### 058 057 056 055 054 053 052 051 ### 049 048 047 046 ### 044 ### 042 043 ### 039 038 039 040 041 042 043 044 045 046 047 048 049 ### 051 052 053 ### 055 056 057 058 059 060 061 062 063 064 065 066 067 068 069 070 071 072 073 ### 075 076 077 078 079 080 081 082 083 084 085 086 087 088 089 090 091 092 093 094 095 096 097 098 099 100 101 102 103 
102 101 100 099 098 097 ### 097 096 095 ### 091 090 089 088 087 086 085 084 083 082 081 080 079 078 077 076 075 074 073 072 071 070 069 068 067 066 065 064 063 062 061 060 059 ### 057 056 055 054 053 ### 051 050 049 048 047 046 045 044 043 042 041 ### 039 038 037 038 039 040 041 042 043 044 045 046 047 048 049 050 051 052 053 054 055 056 057 058 059 060 061 062 063 064 065 066 067 068 069 070 071 072 073 074 075 076 077 078 079 080 081 082 083 084 ### 086 087 088 089 ### 091 ### 093 094 095 096 097 098 099 100 101 102 
101 100 099 098 097 096 095 096 097 096 ### 090 089 088 087 086 ### 084 083 082 081 080 079 078 077 076 075 074 073 072 071 070 069 068 067 066 065 064 063 062 061 060 059 058 057 056 055 054 053 052 ### ### 049 048 ### 046 045 044 043 042 041 040 039 ### 037 036 037 038 039 040 041 042 043 044 045 046 047 048 049 050 051 052 ### ### 055 056 057 058 059 060 061 062 063 064 065 066 067 068 069 070 071 072 073 074 075 076 077 ### 079 080 081 082 083 084 085 086 087 088 089 090 091 092 093 094 095 096 097 098 099 100 101 
100 099 ### 097 096 ### 094 ### ### 097 ### 089 ### 087 086 085 084 083 082 081 080 079 078 077 076 075 074 ### 072 071 ### 069 068 067 066 065 064 063 062 061 060 059 058 057 056 055 054 053 ### 051 050 049 048 047 046 045 044 043 042 041 040 039 038 037 036 035 036 ### 038 039 040 041 042 043 044 045 ### 047 048 049 050 051 052 053 054 055 ### 057 058 059 060 061 062 063 064 065 066 067 068 069 070 ### 072 073 074 075 076 077 078 079 080 081 082 083 084 085 086 087 088 089 090 091 ### 093 ### ### 096 097 098 099 100 
099 098 097 096 095 094 093 092 091 ### 089 088 087 086 085 084 085 ### 081 080 079 078 077 ### 075 ### 073 072 071 070 069 068 067 066 065 064 063 062 061 060 061 ### 057 056 055 ### 053 052 051 050 ### 048 047 ### 045 044 043 042 041 040 039 038 037 036 035 034 035 ### 037 038 039 ### 041 042 043 044 045 046 047 048 049 050 051 052 053 054 055 056 057 058 059 060 061 062 063 064 065 066 067 068 069 070 071 ### 073 074 075 ### 077 ### ### 080 081 082 ### 084 085 086 087 088 ### 090 091 092 093 094 095 ### 097 098 099 
098 099 ### 095 094 ### 092 091 090 089 088 087 086 085 084 083 ### 081 080 079 078 077 076 075 074 073 072 071 070 069 068 067 066 065 064 063 062 061 060 059 ### 057 056 055 054 053 052 051 050 049 048 047 046 ### 044 043 042 ### 040 039 038 037 036 035 034 033 034 035 036 037 ### 039 040 041 042 043 044 045 046 047 048 049 050 ### 052 053 ### 057 056 057 058 059 060 061 062 063 064 065 066 067 068 069 ### 071 072 073 074 075 076 077 078 079 080 081 082 083 084 085 086 087 088 089 090 091 092 093 094 095 096 097 098 
097 ### 095 094 093 092 091 090 089 088 087 086 085 084 083 082 081 080 079 078 ### ### 075 ### 073 072 071 070 069 068 067 066 065 064 063 062 061 060 ### 058 057 056 055 054 053 052 051 050 049 048 047 046 045 044 043 042 041 ### 039 038 037 036 035 ### 033 032 033 034 035 036 037 038 039 040 041 042 043 044 ### 046 047 048 049 ### 051 052 053 ### 055 056 ### ### 061 060 061 062 063 064 065 066 067 068 069 070 071 072 073 074 075 076 077 078 079 080 081 082 083 084 085 086 ### 088 089 090 ### 092 093 094 ### 096 097 
096 ### 094 093 092 091 090 ### 088 087 ### 085 084 083 082 081 080 079 078 077 076 075 074 073 072 071 070 069 068 067 066 065 064 063 062 061 ### 059 058 057 056 ### 054 053 052 051 050 049 048 047 ### 045 044 043 042 041 040 041 040 ### 036 035 034 033 032 031 032 033 ### 035 036 ### ### 039 040 041 042 043 044 045 046 ### 048 049 050 051 052 053 054 055 056 057 ### 059 ### 061 062 063 064 065 066 067 068 069 ### ### 072 073 ### 075 076 077 078 079 080 081 082 083 084 ### 086 087 088 089 090 091 092 093 ### 095 096 
095 094 093 092 091 090 089 088 087 086 085 084 083 082 081 080 079 078 077 ### 075 074 073 ### ### 070 069 068 067 066 065 064 063 062 061 060 059 058 057 056 055 ### 053 052 051 050 049 048 047 046 045 044 ### 042 041 040 039 040 041 042 ### 034 033 032 031 030 031 032 033 034 035 036 037 038 039 040 ### ### 043 044 045 046 047 048 049 050 051 052 053 054 055 056 057 058 059 060 061 062 063 064 065 066 067 068 069 070 071 072 073 074 075 076 077 078 ### 080 081 082 ### 084 085 086 087 088 089 090 091 092 093 094 095 
094 093 092 091 090 089 088 087 086 085 084 083 082 081 080 079 ### 077 076 075 ### 073 072 071 070 069 068 067 066 065 064 063 062 061 060 059 058 057 ### 055 054 053 052 051 ### 049 048 047 046 045 044 043 042 041 040 039 038 039 040 ### 034 033 032 031 030 029 030 031 032 033 034 035 036 037 038 ### 040 041 042 043 044 045 ### 047 048 049 ### 051 052 053 054 ### ### 057 058 059 060 061 062 063 064 065 066 067 068 069 070 071 072 073 074 075 ### 077 078 079 080 081 ### 083 084 085 086 087 ### 089 090 091 092 093 094 
093 092 091 090 089 088 087 086 085 084 083 082 081 080 079 078 077 076 075 074 ### ### 071 070 069 068 067 066 065 064 063 062 061 060 059 058 057 056 055 054 053 052 051 050 049 048 047 046 045 044 ### 042 041 ### ### 038 037 ### ### 034 033 ### ### 030 029 028 029 030 031 032 033 034 035 036 ### 038 039 040 041 042 043 044 ### 046 ### 048 ### 050 051 ### 053 054 055 056 ### 058 059 060 061 062 063 064 065 066 067 068 069 070 071 072 073 074 075 076 ### 078 079 080 081 082 083 084 085 086 087 088 089 090 091 092 093 
092 091 ### 089 088 087 086 085 084 083 084 ### 080 ### 078 077 ### 075 074 073 072 ### 070 069 068 067 066 065 064 063 062 061 060 059 058 057 ### 055 054 053 052 051 050 049 048 047 046 045 044 043 042 041 040 039 038 037 036 035 034 033 032 031 030 029 028 027 028 029 030 031 032 033 034 035 036 037 038 039 040 041 042 ### ### 045 046 047 048 049 050 051 052 053 054 055 056 057 058 059 060 061 062 063 064 065 066 067 068 069 070 071 072 073 074 075 076 077 ### 079 080 081 082 083 084 085 086 087 088 089 090 091 092 
091 090 089 088 087 086 085 084 083 082 ### 080 079 078 077 076 075 074 ### 072 071 070 069 068 067 066 065 064 063 062 061 060 059 058 057 056 055 054 053 052 051 050 049 048 047 046 045 044 043 042 ### 040 039 038 037 036 037 036 ### 032 031 ### 029 028 027 026 ### 028 029 030 ### 032 033 034 035 036 037 038 ### ### ### 042 043 044 045 046 047 048 ### 050 051 052 053 054 055 056 057 058 059 ### 061 062 063 064 065 066 067 068 069 ### 071 072 073 074 075 076 077 078 ### 080 081 082 083 084 085 086 087 ### 089 090 091 
090 089 088 087 086 085 084 083 082 081 080 079 078 077 076 075 074 073 072 071 070 069 068 067 066 065 064 063 062 061 060 059 058 057 056 055 054 053 052 051 ### 049 048 047 046 045 044 043 042 041 040 039 038 037 ### 035 ### ### 032 031 030 029 028 027 026 025 026 027 028 029 030 031 032 033 034 035 036 037 038 039 040 041 ### 043 044 045 046 047 048 049 050 051 052 053 054 055 056 057 ### 059 060 061 062 063 064 065 066 067 068 069 070 071 072 ### 074 075 076 077 078 079 080 081 082 083 084 085 086 087 088 089 090 
089 088 087 ### 085 084 083 082 081 080 079 078 077 076 075 074 073 072 071 070 069 068 067 066 065 064 063 062 061 060 059 ### 057 056 055 054 053 052 051 050 049 048 047 046 045 044 043 042 041 ### 039 038 037 036 035 034 033 ### 031 030 ### 028 027 026 025 024 ### 028 027 028 ### 030 031 032 033 034 035 036 037 038 039 040 041 042 043 044 045 046 047 048 049 050 051 052 053 054 ### 056 057 058 ### 062 063 062 063 064 065 066 067 068 069 ### 071 072 073 074 075 076 077 078 079 080 081 082 083 ### 087 086 087 088 089 
088 087 086 085 084 083 082 081 080 079 078 077 076 075 074 073 072 071 070 069 068 067 066 065 064 063 062 061 060 059 058 057 056 055 ### 053 052 051 ### 049 048 047 046 045 044 043 042 041 040 039 038 037 036 ### 034 033 032 031 030 029 ### 027 028 ### ### 023 024 ### 026 027 ### 029 030 031 032 033 034 035 036 ### 040 041 ### 041 ### 045 044 045 046 047 048 049 050 051 052 ### ### 055 056 057 058 ### ### 061 062 063 064 065 066 067 068 069 070 071 072 073 074 075 076 077 078 ### 080 081 082 083 ### 085 086 087 088 
087 086 ### 084 083 082 081 080 079 078 077 076 075 ### 073 072 071 070 069 068 067 066 065 064 063 062 061 060 059 058 057 056 055 054 ### 052 051 050 049 048 047 ### 045 044 043 042 ### 040 039 038 037 036 035 034 033 034 ### ### 029 028 027 026 ### 024 023 022 023 024 025 026 027 028 029 ### 031 032 033 034 035 036 ### ### 039 040 041 ### 043 044 045 046 047 ### 049 050 051 052 053 054 055 056 ### ### 059 060 061 062 063 064 065 066 067 068 069 070 071 072 073 074 075 076 077 ### 079 080 081 082 083 084 085 086 087 
086 085 084 083 082 081 080 079 078 077 ### 075 074 073 072 071 070 069 068 067 066 065 064 063 064 ### 060 059 058 057 056 055 054 053 052 051 050 049 048 047 046 045 044 043 042 041 040 039 038 037 036 035 034 033 032 ### 030 029 028 027 026 025 024 023 022 021 022 023 024 025 026 027 028 029 030 031 032 033 034 035 036 037 038 039 040 041 042 ### 044 045 046 047 048 049 050 051 052 053 054 055 056 057 058 059 060 061 062 063 064 065 066 067 068 069 070 071 072 073 074 075 076 077 078 079 080 081 082 ### 084 085 086 
085 084 083 082 081 080 079 078 077 076 075 074 073 ### 071 070 069 068 067 066 065 064 063 062 ### 060 059 058 057 056 055 056 ### 052 051 050 ### 050 ### 046 045 ### 043 042 ### 040 039 ### 037 036 035 ### 033 032 031 030 029 028 027 ### 025 024 ### 022 021 020 021 022 023 024 025 026 027 ### 029 030 ### 032 033 034 035 036 037 038 039 040 041 042 043 044 045 046 047 048 049 050 051 052 053 054 055 056 057 058 059 060 061 062 063 064 065 066 067 068 069 070 071 072 073 074 075 076 077 078 079 080 081 082 083 084 085 
084 083 082 ### 080 079 078 077 078 ### 074 073 072 071 070 069 068 067 066 065 064 063 062 061 060 059 058 ### ### 055 054 ### ### 051 050 049 048 ### 046 ### 044 043 ### 041 040 039 038 037 036 035 034 033 032 031 030 029 028 027 026 025 024 023 ### 021 020 019 020 021 022 ### 024 025 026 027 028 029 ### 031 032 033 034 035 036 037 038 039 040 041 ### 043 044 ### 048 047 048 049 ### 051 052 053 054 055 056 057 058 059 060 061 062 063 064 065 066 067 068 069 ### 071 072 073 074 075 076 077 ### ### ### 081 082 083 084 
083 082 081 080 079 078 077 076 ### 074 073 072 071 070 069 068 067 066 065 064 063 062 061 060 059 058 057 056 055 ### 053 052 051 052 ### 048 047 046 045 044 043 042 041 040 039 038 ### 036 035 034 033 032 031 030 029 028 027 026 025 026 ### 022 021 020 019 018 019 020 021 022 023 024 025 026 027 028 ### 030 031 032 033 034 035 036 037 038 039 040 ### 042 043 044 ### 046 047 048 049 050 051 052 053 054 055 056 057 058 059 060 061 062 063 064 065 066 067 068 069 070 ### ### 073 074 ### 076 ### 078 079 080 081 082 083 
082 081 080 079 078 077 076 075 074 073 072 071 070 069 068 067 066 065 064 063 062 ### 060 059 058 057 056 055 054 053 052 051 050 ### 048 047 ### 045 044 ### 042 041 040 039 ### 037 036 035 034 033 032 031 030 029 028 027 026 025 024 ### 022 021 020 019 018 017 018 019 020 021 ### 023 024 ### 026 027 028 029 030 031 032 033 034 ### 036 037 ### ### 040 041 042 043 044 045 046 047 048 049 ### 051 052 053 054 055 056 057 058 059 060 061 062 063 064 065 066 067 068 069 070 071 072 073 074 075 076 077 078 ### 080 081 082 
081 080 079 ### 077 076 075 074 073 072 ### 070 069 068 067 066 065 064 063 062 061 060 059 058 057 056 055 054 053 052 051 050 049 048 047 046 ### 044 043 042 041 040 039 038 ### 036 035 034 033 032 031 030 ### 028 027 026 ### 024 023 022 021 020 019 018 017 016 ### 018 019 020 021 022 023 024 025 026 027 028 029 030 031 032 033 034 035 036 037 038 039 040 041 ### 043 ### 045 046 047 048 049 050 051 052 053 ### 055 056 057 058 059 060 ### 062 063 064 065 066 067 068 069 070 071 072 073 ### 077 076 077 078 079 080 081 
080 079 078 077 076 075 074 073 072 071 070 069 068 067 066 065 064 063 062 063 ### 059 ### 059 058 ### 054 053 052 051 050 049 048 047 046 045 044 043 042 041 040 039 038 037 036 035 034 033 032 031 030 029 028 027 026 025 024 023 022 021 020 019 018 017 016 015 016 017 018 019 020 021 022 023 024 025 ### 027 028 029 030 031 032 ### 034 035 036 037 038 039 040 041 042 043 044 045 ### 047 ### ### 050 051 052 053 054 055 056 057 ### ### 060 061 062 063 064 065 066 067 068 069 070 071 072 073 ### 075 076 077 078 079 080 
079 078 077 076 075 074 073 ### 071 070 069 068 067 066 065 064 063 062 061 ### 059 058 057 ### 059 ### 053 052 ### 050 049 048 047 ### 047 ### 043 042 041 040 039 038 037 036 035 034 033 032 031 030 029 028 027 026 025 024 023 022 021 ### ### 018 017 016 015 014 015 016 017 018 019 020 021 022 023 024 025 026 027 028 029 030 031 032 033 034 035 036 037 038 039 040 041 042 ### 044 045 046 047 048 049 050 051 052 053 054 055 056 057 058 059 060 061 062 063 064 065 066 067 068 069 070 071 072 073 074 075 ### 077 078 079 
078 077 076 075 074 073 072 ### 070 069 068 067 066 065 064 063 062 061 060 059 ### 057 056 055 ### 053 052 051 050 049 048 ### 046 045 ### 043 ### 041 040 039 038 037 036 035 034 033 032 031 030 029 030 029 028 ### 024 023 022 021 020 019 018 017 016 015 014 013 014 015 016 017 018 019 020 021 022 023 024 025 026 027 028 029 030 031 032 033 ### 035 036 037 ### ### 040 041 042 043 ### 045 046 ### 048 049 050 051 052 053 054 055 056 057 058 ### 060 061 062 063 064 065 066 067 068 069 070 071 072 ### 074 075 076 077 078 
077 076 075 074 073 072 071 070 069 068 067 066 065 064 063 062 061 060 059 058 057 056 055 054 053 ### 051 050 049 048 047 046 045 044 043 042 041 040 039 038 037 036 035 034 033 032 ### 030 ### 028 029 ### ### 024 023 ### 021 020 019 018 017 016 015 014 013 012 013 014 015 016 ### 018 019 020 ### 022 023 024 025 ### 027 028 029 ### ### 032 033 034 035 036 037 038 039 040 041 042 043 044 045 046 047 048 049 050 051 052 053 054 055 056 057 058 059 060 061 062 063 064 065 066 067 068 069 070 071 072 073 074 075 076 077 
076 075 074 073 072 071 070 069 068 067 066 065 064 063 062 061 060 059 058 057 056 055 054 053 052 ### ### 049 048 047 046 045 044 043 042 041 040 039 038 037 038 ### 034 033 032 031 030 029 028 027 ### 025 ### 023 022 021 020 019 018 017 016 015 014 013 ### 011 012 013 014 015 016 017 018 ### 020 021 022 023 024 025 026 027 028 029 030 031 032 ### 034 035 036 037 038 039 040 041 042 043 044 045 046 047 048 049 050 051 052 053 054 055 056 057 058 059 060 ### 062 063 064 065 066 067 068 069 070 071 ### 073 074 075 076 
075 ### 073 072 071 070 ### 068 067 066 065 064 063 062 061 060 059 058 057 056 055 054 053 052 051 050 049 048 047 046 045 044 043 ### 041 040 039 038 037 036 ### 034 033 ### 031 030 029 ### 027 026 025 024 023 022 021 020 019 018 017 ### 015 014 013 012 011 010 011 ### 013 014 015 016 017 018 019 020 021 022 023 024 025 026 027 028 029 030 031 032 033 034 035 036 037 038 039 040 041 042 043 044 045 046 047 048 049 050 051 052 053 054 ### 056 057 058 059 060 061 062 063 064 065 066 067 068 069 070 071 072 073 074 075 
074 073 072 071 070 069 068 067 066 065 064 063 062 061 060 059 058 057 056 055 ### 053 052 051 050 049 048 047 046 ### 044 043 042 041 ### 039 038 ### 036 035 034 033 032 031 030 029 028 027 026 ### 024 023 022 021 020 019 018 017 016 015 014 013 012 011 010 009 010 011 012 013 014 ### ### 017 ### ### 020 021 022 023 024 ### 026 027 028 ### 030 031 032 033 034 035 036 037 038 039 040 041 042 043 044 045 046 047 ### 049 050 051 052 053 054 055 056 057 058 ### 060 061 062 063 064 065 066 067 068 069 070 071 072 073 074 
073 072 071 070 069 068 067 066 065 064 063 062 061 060 059 058 057 056 055 054 053 ### 051 050 049 048 047 046 045 044 043 042 041 040 039 038 037 036 035 034 033 032 ### 030 ### 028 027 026 025 024 023 022 021 020 019 018 017 016 015 014 013 012 011 ### ### 008 009 010 011 012 ### 014 015 016 017 018 019 020 021 022 023 024 025 ### 027 028 029 030 031 032 033 ### ### 036 037 ### 039 040 041 042 043 044 045 046 047 048 049 ### 051 052 053 054 055 056 057 058 059 060 061 062 063 064 065 066 067 068 069 070 071 072 073 
072 071 070 069 068 067 066 065 064 063 062 061 060 059 058 057 056 055 054 053 052 ### 050 049 ### 047 046 045 044 043 042 041 040 ### 038 037 036 ### 034 ### 032 031 030 029 028 027 026 025 024 023 022 021 020 019 018 017 016 015 ### 013 012 011 010 ### 008 007 008 009 010 011 012 013 014 015 016 017 018 019 020 021 022 023 024 025 026 027 028 029 030 031 032 033 034 035 036 037 038 039 040 041 042 ### 044 045 046 047 048 049 050 051 052 053 ### ### 056 057 058 059 ### 061 062 063 064 065 066 067 068 069 070 071 072 
071 070 069 068 067 066 065 064 063 062 061 060 059 058 057 056 055 054 053 052 051 050 049 048 047 046 047 ### 043 ### 041 040 039 038 ### 036 035 034 033 032 031 030 029 028 027 026 025 024 023 022 ### 020 019 018 017 016 015 014 013 012 011 010 009 008 007 006 ### 008 009 010 011 012 013 014 015 ### 017 018 019 020 021 022 023 024 ### 026 027 028 ### 030 031 032 033 034 035 036 037 038 039 ### 041 042 043 044 045 046 047 048 049 050 ### 052 053 054 055 056 057 058 059 060 061 062 063 064 065 066 067 068 069 070 071 
070 069 068 067 066 065 064 063 062 061 060 059 058 057 056 055 054 ### ### ### 050 049 048 047 046 045 ### 043 042 041 040 039 038 037 ### 035 034 033 032 031 030 029 028 027 026 025 024 023 022 021 020 019 018 017 016 ### 014 013 012 011 010 009 008 007 006 005 006 007 008 ### 010 011 012 013 014 015 016 017 018 019 020 021 ### 023 024 025 026 027 028 029 030 031 032 033 034 035 036 037 038 039 040 041 042 ### 044 045 046 047 048 ### 050 051 052 053 054 055 056 ### ### 059 060 061 062 063 064 065 066 067 068 069 070 
069 068 067 066 065 064 063 062 061 ### ### 058 057 056 055 054 053 ### 051 050 049 048 047 046 045 044 043 042 041 040 039 038 037 036 035 034 033 032 031 ### 029 028 027 026 025 ### 023 022 021 020 019 018 017 016 015 014 ### 012 011 010 009 008 007 006 005 004 005 006 007 008 009 010 011 012 013 014 015 016 ### 018 019 020 021 022 023 ### 025 026 027 028 029 030 031 032 033 034 ### 038 037 038 039 040 041 042 043 044 045 046 047 048 049 050 051 052 053 054 055 056 ### 058 059 060 061 062 063 064 065 066 067 068 069 
068 067 066 065 064 063 062 061 060 059 058 057 056 055 054 053 052 051 ### 049 048 ### 046 045 044 043 042 041 040 039 ### ### 036 035 ### ### ### 031 030 029 028 027 026 025 024 023 022 021 020 019 018 017 016 015 014 013 012 011 ### 009 008 007 006 005 004 003 004 005 006 ### 008 009 010 011 012 013 ### 015 016 017 ### 019 020 021 022 023 024 ### 026 ### 030 029 030 031 032 033 ### 037 036 037 038 039 040 ### 042 043 044 045 046 047 048 049 050 051 052 053 054 ### 056 057 058 059 ### 061 062 063 064 065 066 067 068 
067 066 065 064 063 062 061 060 059 ### 057 056 055 054 ### 052 ### 050 049 048 047 046 045 044 043 042 041 040 039 038 ### 036 035 034 033 ### 031 030 029 028 027 026 025 024 ### 022 021 020 019 018 ### 016 015 014 013 012 011 010 009 008 007 ### 005 004 003 002 003 004 005 006 007 008 009 010 011 012 013 014 015 016 017 018 019 020 021 022 023 024 025 ### 029 028 029 030 031 032 033 ### 035 036 037 038 ### 040 041 042 ### 044 045 046 047 048 049 050 051 052 053 054 055 056 057 058 059 060 061 062 063 064 065 066 067 
066 065 064 063 062 061 060 059 058 057 056 ### 054 053 052 051 050 049 048 047 046 045 044 043 042 041 040 039 038 037 036 035 034 033 032 031 030 029 028 027 026 025 024 023 022 021 020 019 018 017 016 015 014 013 012 011 010 009 008 007 006 ### 004 003 002 001 002 003 004 005 006 007 008 009 010 011 012 013 014 015 016 017 ### 019 020 021 022 023 024 025 ### 027 028 029 030 031 032 033 034 035 036 037 ### 039 040 041 ### 043 044 045 046 047 048 049 ### 051 052 053 054 055 056 057 058 059 060 061 062 063 064 065 066 
065 064 063 062 061 060 059 058 057 056 055 054 053 052 051 050 049 048 047 046 045 044 043 042 041 040 039 038 037 036 035 034 033 032 031 030 029 028 027 026 025 024 023 022 021 020 019 018 017 016 015 014 013 012 011 010 009 008 007 006 005 004 003 002 001 000 001 002 003 004 005 006 007 008 009 010 011 012 013 014 015 016 017 018 019 020 021 022 023 024 025 026 027 028 029 030 031 032 033 034 035 036 037 038 039 040 041 042 043 044 045 046 047 048 049 050 051 052 053 054 055 056 057 058 059 060 061 062 063 064 065 
066 065 064 063 062 061 060 059 058 057 056 055 054 053 052 051 050 049 ### 047 046 045 044 043 042 041 040 039 038 037 036 035 034 033 ### 031 030 029 028 027 026 025 024 023 022 ### 020 019 018 017 016 015 014 013 012 011 ### ### ### ### 006 005 004 003 002 001 002 003 004 005 006 007 008 ### ### 011 012 013 014 015 016 ### 018 ### 020 021 022 ### 024 025 026 027 028 029 030 ### ### ### 034 035 036 037 038 039 040 041 ### 043 044 045 046 047 048 049 050 051 052 053 054 055 056 057 058 059 060 ### 062 063 064 065 066 
067 066 065 064 063 062 061 060 059 058 057 056 055 054 053 052 051 050 049 048 047 046 045 ### 043 042 041 ### 039 038 ### ### 035 034 033 032 031 030 029 028 027 026 025 024 023 022 021 020 019 018 017 ### ### 014 013 012 011 010 009 008 007 006 005 004 003 002 003 004 005 006 007 008 009 010 011 012 013 014 015 ### 017 018 019 ### ### 022 023 024 025 026 027 028 029 030 031 ### ### 036 035 036 037 038 039 040 041 ### 045 044 045 ### ### 048 049 050 051 052 053 054 055 056 057 058 059 060 061 062 063 064 065 066 067 
068 067 066 065 064 063 062 061 060 059 058 057 ### 055 054 053 052 051 050 049 048 047 046 045 044 043 042 041 040 ### 038 037 036 035 034 033 032 031 030 029 028 027 026 025 024 023 022 021 020 019 018 017 016 015 014 013 012 011 010 ### 008 007 006 005 004 003 004 005 006 007 008 009 010 011 012 013 ### 015 016 017 018 019 020 ### 024 023 024 025 026 027 028 029 030 031 ### ### 036 037 036 037 038 039 040 041 042 043 044 045 046 047 048 049 050 051 052 053 054 055 056 057 058 059 060 061 062 063 064 065 066 067 068 
069 068 067 066 065 064 063 062 061 060 059 058 059 ### 055 054 053 052 ### 050 049 048 047 046 ### ### 043 042 041 040 039 038 037 036 035 034 033 032 031 030 029 ### 027 026 025 024 ### 022 021 ### ### 018 017 016 ### 014 013 012 011 012 ### 008 007 006 005 004 005 006 007 008 009 010 011 012 013 014 015 016 017 018 019 020 021 022 023 024 025 026 027 ### ### 030 031 032 033 034 035 036 037 038 039 040 041 042 043 ### 045 046 047 048 049 050 051 052 053 054 055 056 057 058 059 060 061 062 063 064 065 066 067 068 069 
070 069 068 067 066 065 064 063 062 061 060 059 060 ### ### ### 054 053 052 051 050 ### 048 047 046 045 044 043 042 041 040 039 ### 037 036 035 034 033 032 031 030 029 028 027 026 025 024 023 022 021 020 019 018 017 016 015 014 013 012 011 010 009 008 007 006 005 006 007 008 009 ### 011 012 013 014 ### 016 ### 018 019 020 021 022 023 024 025 026 ### 028 029 030 031 032 033 034 035 036 037 038 039 040 041 042 043 044 045 046 047 048 049 050 051 052 053 054 055 056 057 058 059 ### 061 062 063 064 065 066 067 068 069 070 
071 070 069 068 067 066 065 064 063 062 061 060 061 060 ### 056 055 054 053 052 051 050 049 048 047 046 045 044 043 042 041 040 039 038 037 036 035 034 033 032 031 030 029 028 027 026 025 024 023 022 021 020 019 018 017 016 015 ### 013 012 011 010 009 008 007 006 ### ### 009 010 011 ### 013 ### 015 ### 017 018 019 020 021 022 023 024 025 026 027 028 029 030 031 ### 033 034 035 036 037 038 039 040 041 042 ### 044 045 046 047 048 049 050 051 052 053 054 055 ### ### 058 059 060 061 062 063 064 065 066 067 068 069 ### 071 
072 071 070 069 068 067 066 065 064 063 062 061 ### 059 058 057 056 ### 054 053 052 051 050 049 048 047 046 045 044 043 ### 041 040 039 038 037 036 035 034 033 ### 031 030 029 028 027 026 025 024 023 022 021 ### 019 018 017 016 015 014 013 012 011 010 009 008 007 ### 011 010 011 012 013 014 015 016 017 018 019 020 021 022 023 024 025 026 027 028 029 030 031 032 033 034 035 036 ### 038 039 ### ### 042 043 ### 045 046 047 048 049 050 051 052 053 054 055 056 057 058 059 060 061 062 063 064 065 066 067 068 069 070 071 072 
073 072 071 ### 069 068 067 066 065 064 063 062 061 060 059 058 057 056 055 054 053 052 051 ### 049 048 047 046 045 044 043 042 041 ### 039 038 037 ### 035 034 033 032 031 030 029 028 027 026 025 024 ### 022 023 ### 019 018 017 016 015 014 013 012 011 010 009 008 009 010 011 012 013 014 015 016 017 018 019 020 ### 022 ### 024 ### 026 027 ### 029 030 ### 032 033 034 035 036 037 038 039 040 041 042 043 044 ### 046 047 048 049 050 ### 052 053 054 055 056 057 058 059 060 061 062 063 064 065 066 067 068 069 070 071 072 073 
074 073 072 071 070 069 068 067 066 065 064 063 062 061 060 059 058 ### 056 055 054 053 052 051 050 049 048 047 046 045 044 043 042 041 040 039 038 037 036 035 034 033 ### 031 030 029 028 027 026 025 024 023 ### 021 020 019 018 017 016 015 014 013 012 ### 010 009 ### 011 012 013 014 015 016 017 018 019 020 021 022 ### 026 ### 028 027 028 029 030 ### 034 033 034 035 036 037 038 039 040 041 042 ### 044 045 046 047 ### 049 050 051 052 ### 054 055 056 057 058 059 060 061 062 063 064 065 066 067 068 069 070 ### 072 073 074 
075 074 073 072 071 ### 069 068 067 066 065 064 063 062 061 060 059 058 057 056 055 054 053 ### 051 050 049 048 ### 046 045 044 043 042 041 040 039 ### 037 ### 035 034 033 032 031 030 ### 028 027 026 025 024 023 022 021 020 019 018 017 ### ### 014 013 012 011 010 011 012 013 014 ### 016 ### 018 019 020 021 022 023 024 025 026 ### ### 029 030 031 032 033 034 035 036 037 038 039 ### 041 042 ### 046 045 046 047 048 049 050 051 052 053 054 055 ### 057 058 ### 060 061 062 063 064 065 066 067 068 069 070 071 072 073 ### 075 
076 075 074 073 072 071 070 069 068 067 066 065 064 063 062 061 060 059 058 057 056 055 054 053 052 051 050 049 048 047 046 045 044 043 042 041 040 039 038 037 036 035 034 033 032 031 030 029 028 027 026 025 024 ### 022 021 020 019 018 017 016 015 014 013 012 011 012 013 014 015 016 017 018 019 020 021 022 023 024 025 026 027 028 029 030 031 032 033 ### 035 036 037 038 039 040 041 042 043 044 045 046 047 048 ### 050 051 ### 053 054 055 056 057 058 059 ### 061 062 063 064 065 066 067 068 069 070 071 072 073 074 ### 076 
077 076 075 074 073 072 071 070 069 068 067 066 065 064 063 062 061 060 059 058 057 056 055 054 053 052 051 050 049 048 047 046 045 044 043 042 041 040 039 ### 037 036 035 034 033 032 031 030 029 028 027 ### 025 024 023 022 021 020 019 018 017 016 015 014 013 012 013 014 015 016 017 018 019 020 021 022 023 024 025 026 027 028 029 030 031 032 033 034 035 036 037 038 039 ### 041 042 043 044 045 046 047 048 049 050 051 ### 055 054 055 056 057 ### 059 060 061 062 063 064 065 066 067 068 069 070 071 072 ### 074 075 076 077 
078 077 076 ### 074 ### 072 071 ### 069 068 067 066 065 064 063 062 061 060 ### 058 057 056 ### 054 ### ### 051 ### 049 048 047 046 045 044 043 042 041 040 039 038 037 036 035 034 033 032 031 030 029 028 027 026 025 024 023 022 021 020 019 018 017 016 015 014 013 014 015 016 017 018 ### 020 021 022 023 024 025 026 027 028 029 030 031 032 033 034 ### 036 ### 038 039 040 041 042 043 044 ### 046 047 048 049 050 051 052 053 054 055 056 057 058 059 060 061 062 063 064 065 066 067 068 ### 070 071 072 ### 076 075 ### 077 078 
079 078 077 078 ### ### 073 ### ### 070 ### 068 067 066 065 064 063 062 061 062 ### 058 057 058 ### 054 053 052 051 050 049 ### 047 ### 045 ### 043 042 041 040 039 038 037 036 035 034 033 032 031 030 029 028 027 026 025 024 023 022 021 020 019 018 017 016 015 014 015 016 017 018 019 020 021 022 023 024 025 026 ### 028 029 030 031 032 033 034 035 036 ### 040 039 040 041 042 043 ### ### 048 047 048 ### 050 051 052 053 054 055 ### 057 058 059 060 061 062 063 064 065 066 067 068 069 070 071 072 ### 076 077 076 077 078 079 
080 079 078 077 076 075 074 073 072 071 070 069 068 067 066 065 064 063 062 061 060 059 058 ### 056 055 054 ### 052 051 050 049 048 049 ### 045 044 043 042 ### 040 039 038 ### 036 035 034 ### 032 031 030 029 028 027 026 ### 024 023 022 021 020 019 018 017 016 015 016 017 018 019 020 021 022 023 024 025 026 027 ### 029 030 031 032 033 034 035 036 037 038 039 040 041 042 043 044 045 046 047 048 049 050 051 052 053 054 055 ### 059 ### 059 060 061 062 063 064 065 066 067 068 069 070 071 072 073 074 075 076 077 078 079 080 
081 080 079 078 077 076 075 ### 073 072 ### 070 069 068 067 066 065 064 063 062 061 060 059 058 057 056 055 056 ### 052 051 050 ### 048 047 046 ### 044 043 042 041 040 039 038 037 036 035 036 ### 032 031 030 029 028 027 026 025 ### 023 022 021 020 019 018 017 016 017 ### 019 020 021 022 023 024 ### 026 ### 028 ### 030 031 032 ### ### 035 036 037 038 039 040 041 042 043 044 045 046 047 ### 049 050 051 052 053 054 055 056 057 058 059 060 061 062 063 064 065 066 067 068 ### 070 071 ### 073 074 075 076 077 078 079 080 081 
082 081 080 079 078 077 076 075 074 073 072 071 070 069 068 067 066 065 064 063 062 061 060 059 058 057 056 055 054 053 052 051 050 049 048 047 046 045 044 043 042 041 040 039 038 037 036 035 034 033 032 031 030 029 028 027 ### 025 024 023 022 021 020 019 018 017 018 019 020 021 022 023 024 025 026 027 028 029 030 031 032 033 034 035 036 037 ### 039 040 041 042 043 044 045 046 047 048 ### 050 051 052 ### 054 055 056 057 058 059 060 061 062 063 064 065 066 067 068 069 070 ### 072 073 074 075 076 077 078 079 080 081 082 
083 082 081 080 079 078 077 076 075 074 073 072 ### ### ### 068 067 066 065 064 063 062 061 060 059 058 057 056 055 054 053 052 051 050 049 048 047 ### 045 044 043 042 041 040 039 038 037 036 035 034 033 032 031 030 029 028 027 026 025 024 023 022 021 020 019 018 019 020 021 022 023 ### 025 026 027 028 029 030 031 032 033 034 035 036 037 038 039 040 041 042 043 044 045 046 047 048 049 050 051 052 053 054 055 056 057 058 ### ### 061 062 063 064 065 066 067 068 069 070 071 072 073 074 075 ### 077 078 079 080 081 082 083 
084 083 082 081 080 079 078 077 076 075 074 073 072 071 070 069 068 067 066 065 064 063 062 061 060 059 058 057 056 055 054 053 052 051 050 049 048 047 046 045 044 043 ### 041 ### 039 038 037 036 035 034 033 032 031 030 029 028 027 026 025 024 023 022 021 020 019 020 021 022 ### 024 025 026 027 028 029 ### 031 ### 033 034 ### 036 037 038 039 040 041 042 043 044 045 046 047 048 049 050 051 052 053 ### 055 056 ### 058 059 060 061 062 063 064 065 066 067 068 069 070 071 072 073 074 075 076 077 078 079 ### 081 ### 083 084 
085 084 083 082 081 080 079 078 077 ### ### 074 073 072 071 070 069 068 067 066 065 064 063 062 061 060 059 058 057 056 055 054 053 052 051 ### 049 048 047 ### 045 044 043 042 ### 040 039 038 037 036 ### 034 ### 032 031 030 029 028 027 ### 025 024 023 022 021 020 021 022 023 024 025 026 027 028 029 030 031 032 033 ### 035 036 037 038 039 040 041 042 043 044 045 046 047 ### 049 050 051 052 053 054 055 056 057 ### 059 060 061 062 063 064 065 066 067 068 069 070 ### 072 ### 074 ### 076 077 ### 079 080 081 082 083 084 085 
086 085 084 083 082 081 ### 079 078 077 076 075 074 073 072 071 070 069 068 067 066 065 064 063 062 061 060 059 058 ### ### 055 054 053 052 051 050 049 048 047 046 045 ### 043 042 041 040 ### 038 ### ### 035 034 033 032 031 ### 029 028 027 026 025 024 ### 022 021 ### 023 024 025 ### 027 028 ### 030 031 032 033 034 035 036 037 038 ### 040 041 ### 043 044 045 ### 047 048 049 050 ### 052 053 054 055 056 057 058 059 060 061 062 063 064 065 066 067 068 069 070 071 072 073 074 ### ### 077 078 079 080 ### 082 083 084 085 086 
087 086 085 084 083 082 081 080 079 078 077 076 075 074 073 072 071 070 069 068 067 066 065 064 063 062 061 060 059 060 ### 056 055 054 053 052 051 ### 049 048 047 046 045 044 043 042 ### 040 039 040 ### 036 035 034 033 032 031 030 029 028 027 026 025 ### 023 022 023 024 025 026 027 028 029 ### 031 ### ### 034 035 036 037 038 039 040 041 042 043 044 045 046 047 048 049 050 051 052 053 054 055 056 057 058 059 ### 061 062 063 064 065 066 067 068 069 ### 071 072 073 074 075 076 077 078 079 080 ### 084 ### 084 085 086 087 
088 087 086 ### ### 083 082 081 ### 079 078 077 076 075 074 073 072 071 070 069 068 067 066 065 064 063 062 061 060 ### 058 057 056 055 054 ### 052 051 050 049 048 047 046 045 044 043 042 041 040 039 038 037 036 035 034 033 032 031 030 029 028 027 026 025 024 023 024 025 ### ### 028 029 030 031 032 ### 036 035 036 037 038 039 040 041 042 043 044 045 046 047 048 049 050 051 052 053 054 055 056 ### 058 059 060 061 062 063 064 065 066 067 068 ### 070 071 ### 073 074 075 076 ### 078 079 080 081 082 083 084 085 086 087 088 
089 088 087 086 085 084 083 ### 081 080 079 078 ### 076 075 074 ### 072 071 070 069 068 067 066 065 064 063 062 061 060 059 058 057 056 055 056 ### 052 ### 050 049 048 047 046 045 044 043 042 041 040 ### 038 037 036 035 034 033 ### 031 030 029 028 027 026 025 024 025 026 ### 030 029 030 031 032 033 ### 037 036 037 038 039 040 041 042 043 044 045 ### 047 048 049 050 051 052 053 054 055 056 057 058 059 ### 061 062 063 064 065 066 067 068 069 070 071 072 073 074 075 076 077 078 079 080 ### 082 083 084 085 086 087 ### 089 
090 089 088 087 086 085 084 083 082 081 080 079 078 077 076 075 074 073 072 071 070 069 068 067 066 065 064 063 062 061 060 059 058 ### 056 055 054 053 052 051 ### 049 ### 047 046 045 044 043 042 041 040 039 038 037 036 035 034 035 ### 031 030 029 028 027 026 025 ### 027 028 029 030 031 032 033 034 035 036 ### 038 ### 040 041 ### 043 ### 045 046 047 048 049 050 051 052 053 054 055 056 057 ### 059 060 061 062 063 064 065 066 067 068 ### ### ### 072 073 074 075 ### 077 078 ### 080 081 082 083 084 085 086 087 088 089 090 
091 090 089 088 087 086 085 084 083 082 081 080 079 078 ### 076 075 ### 073 072 071 070 ### 068 067 066 065 064 063 062 061 060 059 058 057 056 055 054 053 052 051 050 049 048 047 046 045 044 043 042 041 040 039 038 037 036 035 034 033 032 031 030 029 028 027 026 027 028 029 ### 031 032 033 034 035 036 ### 040 039 040 041 042 043 044 045 046 ### 048 049 050 051 052 053 054 055 056 057 058 059 060 061 062 063 064 065 066 067 068 069 070 071 072 073 074 ### 076 077 078 079 080 081 082 083 084 085 086 087 088 089 090 091 
092 ### 090 089 088 087 086 085 084 083 082 081 ### 079 078 077 076 ### 074 073 072 071 ### 069 068 067 066 065 064 063 062 061 060 ### 058 057 ### 055 054 053 052 051 050 049 048 047 046 045 044 043 042 041 040 039 038 037 036 035 034 033 032 031 ### 029 028 027 ### 029 030 031 032 033 ### 035 036 037 038 039 040 041 042 043 044 045 046 047 048 049 050 051 052 053 054 055 ### ### 058 059 060 ### 062 063 064 065 066 067 068 069 070 071 072 073 074 075 076 ### 078 079 080 081 082 ### 084 085 086 087 088 089 090 091 092 
093 092 091 090 089 088 087 ### 085 084 083 082 081 080 079 ### 077 ### 075 074 073 072 071 070 069 068 067 066 065 064 063 062 061 060 059 058 057 056 055 054 053 ### 051 050 049 048 047 046 045 044 043 042 041 040 039 038 037 ### 035 034 033 032 031 030 029 028 029 ### 031 032 033 034 035 036 037 038 039 040 041 042 043 044 045 046 047 048 049 050 051 052 053 ### ### 056 057 058 059 060 061 062 063 064 065 066 067 068 069 070 071 072 073 074 075 076 ### 080 079 080 081 082 083 ### 085 086 087 ### 089 090 091 092 093 
094 093 092 091 090 089 088 087 086 085 084 083 082 081 080 079 078 077 076 075 074 073 072 071 070 069 068 067 066 065 064 063 062 061 060 059 058 ### 056 055 054 055 ### 051 050 049 048 047 046 045 044 043 ### 041 040 039 038 039 ### 035 034 033 032 031 030 029 030 031 032 033 034 035 036 037 038 039 040 041 ### ### 044 045 046 047 048 049 050 051 052 053 054 055 ### 057 058 059 060 061 062 063 064 065 066 067 068 069 070 071 072 073 074 075 076 077 078 079 080 081 082 083 084 085 086 087 ### 091 ### 091 092 093 094 
095 094 093 092 091 090 089 088 ### 086 085 084 ### 082 081 080 ### 078 077 076 075 074 073 072 071 070 069 068 067 066 065 064 063 062 061 060 059 058 057 056 055 054 053 052 051 050 049 048 047 046 045 044 043 042 ### ### 039 038 037 036 035 034 033 032 031 030 031 032 033 034 035 ### 037 038 039 040 041 042 043 ### 045 046 047 ### 049 050 051 052 053 054 055 ### 059 058 059 060 061 062 063 064 065 066 067 068 069 070 071 ### 073 074 ### 076 077 078 079 080 081 082 083 084 ### 086 087 088 089 090 ### 092 093 094 095 
096 095 094 093 ### 091 090 089 088 087 086 085 084 083 082 081 082 ### 078 077 076 075 074 073 072 071 ### 069 068 067 066 065 064 063 062 061 060 059 058 057 056 055 054 053 052 051 050 049 048 047 046 045 044 043 044 ### 040 039 038 037 036 035 ### 033 032 031 032 033 ### 035 ### 039 038 ### 040 041 042 043 044 045 046 047 048 049 050 051 052 053 054 055 056 057 058 059 060 061 062 063 064 065 066 067 068 069 ### 071 072 073 ### 075 076 ### 078 079 080 ### 082 083 084 085 086 087 088 089 090 091 092 093 094 095 096 
097 096 095 094 095 ### 091 090 089 088 087 086 085 084 083 082 081 080 079 078 077 076 075 074 ### 072 071 070 069 068 067 066 065 064 063 062 061 060 059 ### 057 056 055 054 053 052 051 050 049 048 047 046 ### 044 043 042 041 040 039 038 037 036 035 034 033 032 ### 034 ### 036 ### 040 ### 042 041 042 043 044 045 ### 047 048 049 050 051 052 ### 054 055 056 057 058 059 060 061 062 063 064 065 066 067 068 069 ### 073 072 073 074 075 ### 077 078 079 080 081 082 083 084 085 086 087 088 089 090 091 092 093 094 095 096 097 
098 097 096 095 094 093 092 ### 090 089 088 087 086 085 084 083 082 081 080 ### 078 077 076 075 074 073 072 071 070 069 068 067 066 065 064 063 062 061 060 059 058 057 056 055 054 ### 052 051 050 049 048 047 046 045 044 043 042 041 040 039 038 ### ### 035 034 033 034 ### 038 037 ### ### 044 043 042 043 044 045 046 ### 048 049 050 051 052 053 054 055 ### 057 058 059 060 061 062 063 064 065 066 067 068 069 070 071 072 073 ### 075 076 077 078 079 080 081 082 083 084 085 086 087 088 ### 090 091 092 ### 094 095 096 097 098 
099 098 ### 096 095 ### 093 092 091 090 089 088 087 ### 085 ### 083 082 081 080 079 078 ### 076 075 074 073 072 071 ### 069 068 067 066 065 064 063 062 061 060 059 ### 057 ### 055 054 053 052 051 050 049 048 047 046 045 044 043 042 041 040 039 040 ### 036 035 034 ### 038 039 ### ### 042 043 ### 043 044 045 046 047 048 049 050 051 052 053 ### 055 056 057 058 059 060 061 062 063 064 065 066 067 068 069 070 071 072 073 074 075 076 077 078 ### ### ### 082 083 084 085 086 087 088 089 090 091 ### 093 094 095 096 097 098 099 
100 099 098 097 096 095 094 093 ### 091 090 089 088 087 086 085 084 083 082 081 080 079 078 077 076 075 074 073 072 071 070 ### 068 067 066 065 064 063 062 061 ### 059 058 057 056 055 054 053 052 ### ### 049 ### 047 046 045 044 043 042 041 040 039 038 037 036 035 036 037 038 039 040 041 042 043 044 ### ### 047 048 ### 050 051 052 ### 054 055 056 057 058 059 060 061 062 063 064 065 066 067 068 069 070 071 072 073 074 075 076 077 078 079 080 081 ### 083 084 085 086 087 088 089 090 091 092 093 ### 095 096 097 098 099 100 
101 100 099 098 097 096 095 094 093 092 091 090 089 088 087 ### 085 084 083 082 081 ### 079 078 077 076 075 074 073 072 ### 072 ### 068 067 066 065 064 063 062 061 060 059 058 057 056 055 054 053 052 051 050 ### 048 047 046 045 044 043 042 ### 040 039 038 037 036 037 038 039 040 041 042 043 044 045 ### 049 048 049 050 051 052 053 054 055 056 057 058 ### 060 061 062 063 064 065 066 067 068 069 070 071 072 073 074 075 076 077 078 079 080 081 082 083 ### 085 086 087 088 089 ### 091 092 ### 094 095 ### 097 098 099 100 101 
102 101 100 099 098 097 096 095 ### ### 092 091 090 ### 088 087 086 085 ### 083 082 081 080 ### 078 077 076 075 074 073 072 071 070 069 068 067 066 065 064 063 062 061 060 059 058 057 056 055 054 053 052 051 050 049 048 047 046 045 044 043 042 041 040 ### 038 037 038 039 040 041 042 043 044 ### 046 047 ### ### 050 051 052 053 054 055 056 057 058 059 060 061 062 063 064 065 066 067 068 069 070 071 ### ### 074 075 ### 077 078 079 080 081 082 ### 084 085 086 087 088 089 090 091 092 093 094 095 096 097 098 099 100 101 102 
103 102 ### 100 099 098 097 096 095 094 093 092 091 ### 089 088 087 086 087 ### 083 082 081 082 ### 078 ### 076 075 ### 073 072 071 070 069 068 067 066 065 064 063 062 061 060 059 058 057 056 055 054 053 052 051 050 049 048 047 046 045 044 043 042 041 040 039 038 039 ### 041 042 043 ### 045 ### 047 048 ### 052 051 ### 053 ### 055 ### 057 058 ### 060 061 062 063 064 065 066 067 068 069 070 071 ### 075 076 075 076 077 078 079 080 081 082 083 084 085 ### ### 088 089 090 091 092 093 094 095 096 097 098 099 100 101 102 103 
104 103 102 101 100 099 098 097 096 095 094 093 092 091 090 089 088 087 ### 085 084 083 082 083 082 ### 078 077 076 075 074 073 072 071 070 069 068 067 066 065 064 063 062 061 060 ### ### 057 056 055 054 053 052 051 050 ### 048 047 046 045 044 043 042 ### ### 039 040 041 ### 043 044 045 046 047 048 049 050 051 052 053 054 055 ### 059 058 059 060 061 062 063 064 065 066 067 068 069 070 071 072 073 074 075 076 077 078 079 080 081 082 083 084 ### ### 089 090 089 090 091 092 093 094 095 ### 097 098 099 100 101 102 103 104 
105 104 103 102 101 100 099 098 097 096 095 094 093 092 091 090 089 088 087 086 085 084 ### 082 081 080 079 078 077 076 075 ### 073 ### 071 ### 069 068 067 066 065 064 063 062 061 062 063 ### 057 056 055 054 053 052 051 ### 049 ### 047 046 045 044 043 042 041 040 041 042 043 044 045 046 047 048 049 050 051 052 053 054 055 056 057 058 059 060 061 062 063 064 065 066 067 068 069 ### 071 072 073 074 075 076 077 078 079 080 081 082 083 ### 085 086 087 088 ### ### 091 092 093 094 095 096 097 ### 099 100 101 102 ### 104 105 
106 105 104 103 102 101 100 099 098 097 096 095 094 ### 092 091 090 089 088 ### 086 085 084 083 082 081 080 079 078 077 076 ### 074 075 ### 071 070 069 068 067 066 065 064 063 062 063 064 065 ### ### 056 055 054 ### 052 053 ### 049 048 047 046 045 044 043 042 041 042 043 044 045 046 047 048 049 050 051 052 053 054 055 056 057 058 059 060 061 062 063 064 065 066 067 068 069 070 071 072 073 074 075 076 077 ### 079 080 081 082 083 084 085 086 087 088 089 ### 097 ### 093 094 095 ### 097 098 099 100 101 ### 103 104 105 106 
107 106 105 104 103 102 101 100 099 098 097 096 095 094 093 092 091 090 089 088 087 086 085 084 083 082 ### 080 079 ### 077 076 075 074 073 072 071 070 069 068 067 066 065 064 063 064 065 064 ### 058 057 056 055 054 053 054 ### 050 049 ### 047 046 045 044 043 042 043 044 045 ### 047 048 049 050 051 052 ### 054 055 ### 057 058 059 060 061 062 063 064 065 066 067 068 069 070 071 072 073 074 ### 076 077 078 079 ### 081 082 083 084 085 086 087 088 089 090 ### 096 ### 094 095 096 ### 098 099 100 101 102 103 104 105 106 107 
108 107 106 105 104 ### 102 101 100 099 098 097 096 095 094 ### ### 091 090 089 088 087 ### 085 084 083 082 081 080 081 ### 077 076 075 074 073 072 071 ### 069 068 067 066 065 064 065 064 063 ### 059 058 ### 056 ### ### 053 052 051 ### 049 048 047 046 045 044 043 044 045 046 047 048 049 050 051 052 053 054 055 ### 059 058 059 060 061 062 063 064 065 066 067 068 069 070 071 072 073 074 075 076 077 078 079 080 081 082 ### 084 085 086 087 088 089 ### 091 ### 095 096 095 096 097 098 099 100 101 102 103 104 105 106 107 108 
109 108 107 106 ### 106 ### 102 101 100 099 098 097 096 095 094 093 092 091 090 089 088 087 086 ### 084 083 082 081 080 079 078 077 076 075 074 ### 072 071 070 069 068 067 066 065 064 063 062 061 060 059 058 057 056 055 054 053 052 051 050 049 048 047 046 045 044 045 046 047 048 049 050 051 052 053 054 ### 056 057 058 059 060 ### 062 063 064 065 066 067 068 069 070 ### 072 073 074 075 076 077 078 079 080 081 082 083 084 ### 086 087 088 089 090 091 092 093 094 095 096 097 098 099 100 101 102 103 ### 105 106 107 108 109 
110 109 108 107 ### 105 104 103 102 101 ### 099 098 097 096 095 094 093 092 091 090 089 088 087 086 085 084 083 ### 081 ### 079 078 077 076 ### 074 073 072 ### 070 069 068 067 066 065 064 063 062 061 060 059 058 057 056 ### 054 053 052 051 050 ### 048 047 046 045 046 047 048 049 050 051 052 053 054 ### 058 057 058 059 060 061 062 063 064 065 066 067 068 ### 070 071 072 073 074 075 076 077 078 079 080 081 082 083 084 085 086 087 ### 089 090 091 092 093 094 095 ### 097 098 099 100 101 ### 103 104 105 106 ### 108 109 110 
111 110 109 108 109 ### 105 104 103 102 101 100 099 098 097 096 095 094 093 092 091 090 089 088 087 086 085 084 083 082 081 080 ### 078 077 ### 075 074 073 072 071 070 069 068 067 066 065 064 063 062 061 060 059 058 057 056 055 054 053 052 051 ### 049 048 047 046 047 048 049 050 ### 052 053 054 055 ### 059 058 ### 060 061 062 063 064 065 066 067 068 069 070 071 072 073 074 075 076 ### ### 079 080 081 082 083 084 085 086 087 088 089 090 091 092 093 094 095 096 097 098 099 100 101 102 103 104 105 106 107 108 109 ### 111 
112 111 110 109 108 107 106 ### 104 103 102 101 100 099 098 097 096 095 094 093 092 091 090 089 088 087 086 085 084 083 082 081 080 079 078 077 076 075 074 073 072 071 070 069 068 067 066 065 064 063 062 061 060 059 058 057 056 055 ### 053 052 051 050 049 048 047 048 049 050 051 052 053 054 055 056 057 058 059 060 061 062 063 064 065 066 067 068 069 070 071 ### 073 074 075 076 077 078 ### 080 081 082 083 084 085 086 087 088 089 090 091 092 ### 094 095 096 097 ### 099 100 101 102 103 104 105 106 107 108 109 110 111 112 
113 112 ### 110 109 108 ### 106 105 104 103 102 101 ### ### 098 097 096 095 094 093 092 091 090 089 088 087 086 085 084 083 082 081 080 079 078 077 ### 075 074 073 072 071 070 069 068 067 066 065 064 063 062 061 060 059 058 057 056 ### 054 053 052 051 050 049 048 049 050 ### 052 053 054 055 056 057 058 059 060 061 062 063 064 065 066 067 068 069 070 071 072 073 074 075 ### 077 078 079 080 081 082 083 ### 085 086 087 088 ### 090 091 092 093 094 095 096 ### 098 099 100 ### 102 103 104 105 ### 107 108 109 110 111 112 113 
114 113 112 111 110 109 108 107 ### 105 104 103 102 101 100 099 098 097 096 ### 094 093 092 091 090 089 088 087 086 085 084 083 082 081 080 079 078 077 076 075 ### 073 072 071 070 ### 068 067 066 065 064 063 062 061 060 059 058 057 058 ### ### 053 052 051 050 049 050 051 052 053 054 055 ### ### 058 059 060 061 062 063 064 065 066 067 068 ### 070 071 072 073 074 075 076 077 078 079 080 081 082 083 084 085 086 087 088 089 090 091 092 093 094 095 096 097 098 099 100 101 102 103 104 105 106 107 108 109 110 111 ### 113 114 
115 ### ### ### 111 110 109 108 107 106 105 104 103 102 101 100 099 098 097 098 ### 094 093 092 091 090 089 088 087 086 085 ### 083 082 081 080 079 078 077 076 075 074 073 072 071 070 069 068 067 066 065 064 063 062 ### 060 059 058 057 056 055 054 ### 052 051 050 051 052 053 054 ### 056 057 058 059 060 061 062 063 064 065 066 067 068 ### 072 071 072 073 074 075 076 077 078 079 080 081 082 083 084 085 086 087 088 089 090 091 092 093 094 095 096 097 098 099 ### 101 102 103 104 105 106 ### 108 109 110 111 ### 115 114 115 
116 117 116 ### 112 111 110 109 108 107 ### 105 104 103 ### 101 ### 099 098 097 096 095 094 093 092 ### 090 089 088 087 086 ### 084 083 082 081 080 079 078 077 076 ### ### 073 072 071 070 069 068 067 066 065 064 063 062 061 060 059 058 057 056 055 054 053 052 051 052 053 ### 055 ### 057 058 059 060 061 062 063 064 065 066 067 068 069 070 071 072 073 074 075 076 ### 078 079 080 081 082 083 084 085 086 087 088 089 090 091 092 093 094 095 096 097 098 099 ### 103 ### 103 104 105 106 107 108 109 110 111 112 113 ### ### 116 
117 116 115 114 113 112 111 110 109 108 ### 106 105 104 103 102 101 100 099 098 097 096 095 094 093 092 091 090 089 088 087 086 085 084 083 082 ### 080 079 078 077 ### 075 074 073 072 071 ### ### 068 067 066 065 064 063 062 061 060 059 058 057 ### 055 054 053 052 053 054 055 056 057 058 059 060 061 062 063 064 065 066 067 068 069 ### 071 072 073 074 075 076 077 078 079 080 081 082 083 084 085 086 087 088 089 090 091 092 093 094 095 096 097 098 099 100 101 102 103 104 105 106 107 108 109 110 111 112 113 114 115 116 117 
118 117 ### 115 114 113 112 111 110 109 108 107 106 105 ### ### 102 101 100 099 098 097 096 095 094 093 092 091 090 089 088 087 086 085 084 083 082 081 080 079 078 077 076 075 074 073 072 ### !!! ### 068 067 066 065 064 063 062 061 060 059 058 057 056 055 054 053 054 ### 056 057 058 059 060 061 062 063 064 065 066 067 068 069 ### 073 072 073 074 075 076 077 078 079 080 081 082 083 ### 085 086 ### 088 089 090 091 092 093 094 095 096 097 098 099 100 101 102 103 ### 105 106 ### 108 109 110 111 112 113 114 115 116 117 118 
119 118 117 116 115 114 ### 112 111 110 109 108 107 106 105 104 103 102 101 ### 099 098 ### 096 095 094 093 092 091 090 089 088 087 086 ### 084 083 082 081 080 079 078 077 076 075 074 073 074 ### 070 069 068 067 066 065 064 063 062 ### 060 059 058 057 ### 055 054 ### 058 057 058 059 060 061 062 063 064 065 066 067 068 ### 070 071 072 073 ### 075 076 077 078 079 080 081 082 083 084 085 086 ### 090 089 090 091 092 093 094 095 096 097 098 ### 100 101 102 103 104 ### 106 107 108 109 110 111 112 113 114 115 116 117 118 119 
120 119 118 ### ### 115 116 ### 112 111 110 109 108 107 106 105 104 103 ### 101 100 099 ### 097 096 095 094 093 092 091 090 089 088 087 086 085 084 083 082 081 080 ### 078 077 076 075 074 ### 072 071 070 069 068 067 066 065 064 063 062 061 060 059 058 ### 056 055 056 057 058 ### 060 061 062 063 064 065 066 067 068 069 070 071 072 073 074 075 076 077 078 079 080 081 082 083 084 085 086 087 088 089 090 091 092 ### ### ### 096 097 098 099 100 101 102 103 104 105 106 107 108 109 ### 111 112 113 114 115 116 117 118 119 120 
121 120 119 118 117 116 115 114 113 112 111 110 109 108 ### 106 ### 104 103 102 101 100 099 098 097 096 095 094 093 092 091 090 089 088 ### 086 085 084 083 082 081 080 079 078 077 076 ### 074 073 072 071 070 069 068 067 066 065 064 063 062 061 060 059 ### 057 056 057 058 ### 062 061 062 063 064 065 066 067 068 069 070 ### 072 073 074 075 076 077 078 079 080 ### 082 083 084 085 086 087 088 089 090 ### 092 093 094 ### 098 097 098 099 100 101 102 103 104 105 106 107 108 109 ### 113 112 113 114 115 116 117 118 119 120 121 
122 121 120 119 118 117 116 115 114 113 112 111 110 109 108 107 ### 105 ### 103 102 101 ### 099 098 097 096 095 094 093 ### 091 090 089 088 087 086 085 084 083 ### 081 ### 079 078 ### 076 075 074 073 072 071 070 069 068 067 066 065 064 063 062 061 060 059 058 057 058 059 060 061 062 063 064 065 066 067 068 ### 070 ### 074 073 074 075 076 077 078 079 080 081 082 083 084 085 086 087 088 089 090 091 ### 093 094 095 096 097 098 ### 100 101 102 103 104 105 106 ### 108 109 110 111 112 ### 114 115 116 117 118 119 120 121 122 
123 122 121 120 119 118 117 116 115 114 113 112 111 110 109 108 107 106 105 104 ### 102 101 100 ### 098 097 096 095 ### 093 092 091 ### 089 088 087 086 085 084 083 082 081 080 079 080 ### 076 075 074 073 ### 071 070 069 068 067 066 065 064 063 062 061 060 059 058 059 060 061 062 063 064 065 066 067 068 069 070 071 072 ### 074 ### 076 ### 078 079 080 081 082 083 ### ### 086 ### 088 089 090 ### ### 095 094 095 096 097 098 ### 102 ### 102 ### 104 105 106 107 108 ### 110 111 112 113 114 115 116 117 118 119 ### 121 122 123 
124 123 122 121 120 119 118 117 116 ### 114 113 112 111 110 109 108 107 106 105 104 103 102 101 ### 099 098 ### 096 095 094 093 092 093 ### 089 088 087 086 085 084 083 082 081 080 081 082 ### 076 075 074 073 072 071 070 069 068 067 066 065 064 063 062 061 060 059 060 061 062 063 064 065 066 067 068 069 070 071 072 073 074 ### 078 077 078 079 080 081 082 083 084 085 ### 087 088 089 090 091 092 ### 096 095 096 097 098 099 100 101 102 ### 106 105 106 107 108 109 110 111 112 113 114 ### 116 117 ### 119 120 ### ### 123 124 
125 124 123 ### 121 ### 119 118 117 118 ### 114 113 112 111 110 ### ### 107 106 105 104 103 102 101 100 099 098 097 096 095 094 093 092 091 090 ### 088 ### ### 085 084 ### ### 081 082 081 080 ### 076 075 074 073 072 071 070 ### 068 067 066 065 064 063 062 ### 060 061 062 063 064 065 066 067 068 069 070 071 072 073 074 075 076 077 078 079 080 081 082 083 084 085 086 087 088 089 090 091 092 093 094 095 096 097 098 099 100 101 102 103 104 105 106 107 108 109 110 111 112 113 114 115 116 117 118 119 120 ### 124 125 124 125 
126 125 124 123 122 ### 120 119 ### 117 116 115 114 113 112 111 ### 109 108 107 106 105 104 103 102 101 100 099 098 097 096 095 094 093 092 091 ### 089 088 087 086 085 084 083 082 081 080 079 078 077 076 075 074 073 072 071 070 069 068 067 066 065 064 063 062 061 062 063 064 065 066 067 068 069 070 071 072 073 ### 075 076 077 ### 079 080 081 082 083 084 085 086 087 088 089 090 091 092 093 094 095 ### 097 098 099 100 101 102 103 104 105 106 107 108 109 110 111 112 113 114 115 116 117 118 ### 120 121 122 123 ### 125 126 
127 126 125 124 123 122 121 120 119 118 117 116 115 114 113 112 111 110 109 108 107 106 105 104 103 102 101 100 099 098 097 096 095 094 093 092 091 090 089 088 087 086 085 084 083 082 081 080 079 078 077 076 075 074 073 072 071 070 069 068 067 066 065 064 063 062 063 064 065 066 067 068 069 070 071 072 ### 074 075 076 077 078 079 080 081 082 083 084 085 086 087 088 089 090 091 092 093 094 095 096 097 098 099 100 101 102 103 104 105 106 107 108 109 110 111 112 113 114 115 116 117 118 119 120 121 122 123 124 125 126 127 
128 127 126 125 124 123 122 121 120 119 118 117 116 115 114 113 112 111 110 109 108 107 ### 105 104 103 102 101 ### 099 098 097 096 095 094 ### 092 091 090 ### 088 087 086 085 084 083 082 081 080 079 ### 077 076 075 074 073 072 071 070 ### 068 067 066 065 064 063 064 065 066 067 068 069 070 071 072 073 074 075 076 077 078 079 080 081 082 083 084 085 086 087 ### 089 ### 091 092 ### 094 095 096 097 098 099 100 101 102 103 ### 105 106 107 108 109 110 111 112 ### ### 115 116 117 118 119 120 121 122 123 124 125 126 127 128 
129 128 127 126 125 124 123 122 121 120 119 118 117 116 115 114 113 112 ### ### 109 108 109 ### 105 104 103 102 101 100 ### 098 ### 096 ### 094 093 092 ### 090 089 ### ### 086 085 084 083 082 081 080 079 078 ### 076 075 074 073 072 071 ### 069 068 067 066 065 064 065 066 067 068 069 070 071 072 073 074 075 ### ### 078 079 080 081 082 ### 084 085 086 ### 088 089 090 091 092 093 094 ### 096 097 098 ### 100 101 102 103 ### 107 106 ### 108 109 110 111 ### 113 114 115 116 117 118 ### ### 121 122 123 124 125 126 127 128 129 
130 129 128 127 126 125 124 123 122 121 120 119 118 117 116 115 114 113 112 111 110 109 108 107 106 105 104 103 102 101 100 099 098 097 096 095 094 093 092 091 090 089 088 087 086 085 084 083 082 081 080 079 078 077 076 075 074 073 072 071 070 069 068 067 066 065 066 067 068 069 070 071 072 073 074 075 076 077 078 079 080 081 082 083 084 085 086 087 088 089 090 091 092 093 094 095 096 097 098 099 100 101 102 103 104 105 106 107 108 109 110 111 112 113 114 115 116 117 118 119 120 121 122 123 124 125 126 127 128 129 130 
Answer for Part 1 is Ok("3830")
Answer for Part 2 is Err(bruh)
It took 7.208345ms to solve the current problem
